original_vector: 0: 0.000000 1: 0.000000 2: 0.000000
rotated_vector : 0: 0.000000 1: 0.000000 2: 0.000000
quaternion     : 0: 0.923880 1: 0.000000 2: 0.000000 3: 0.382683

original_vector: 0: -0.000102 1: 0.000102 2: 0.000000
rotated_vector : 0: -0.000145 1: 0.000000 2: 0.000000
quaternion     : 0: 0.923880 1: 0.000000 2: -0.000000 3: 0.382683

